lastAccountName: ItsDioBrando
timestamps:
  login: 1623528343887
  logout: 1623528905379
ipAddress: 172.31.0.4
logoutlocation:
  world: world
  x: -70.22277565243411
  y: 76.1875
  z: -8.344471112917551
  yaw: -85.01758
  pitch: 68.99979
